!
2
15
16
8
1
1
0
0
1
0
1
54
3 8 1
-
4 2 5
4 7 5
4 3 5
4 1 5
4 6 5
4 4 5
4 5 5
4 8 5
-
=
4 0 9
14 0 7
4 1 5
8 1 7
9 1 7
12 1 7
13 1 7
14 1 11
4 2 5
7 2 7
8 2 11
9 2 7
11 2 7
12 2 11
13 2 7
14 2 7
4 3 5
6 3 7
7 3 11
8 3 7
11 3 7
12 3 7
14 3 7
4 4 5
6 4 7
7 4 7
13 4 7
14 4 11
0 5 11
4 5 5
13 5 7
14 5 7
0 6 7
4 6 5
11 6 7
12 6 7
3 7 7
4 7 5
10 7 7
11 7 11
12 7 7
2 8 7
3 8 11
4 8 5
10 8 7
11 8 7
2 9 7
3 9 7
4 9 8
4 10 9
4 11 9
4 12 9
4 13 9
4 14 9
=
{
0 5 1
3 8 1
4 1 2
4 2 2
4 3 2
4 4 2
4 5 2
4 6 2
4 7 2
4 8 2
7 3 1
8 2 1
11 7 1
12 2 1
14 1 1
14 4 1
}
*
12 2
4 2
11 7
4 7
7 3
4 3
8 2
4 1
0 5
4 6
14 1
4 4
14 4
4 5
3 8
4 8
*
!